# Inner (Ua) and outer (Ub) fission barriers (MeV)
# Source: Bjornholm & Lynn double-humped barrier compilation
# Table: Summary of barrier and ground-state energies
# Approx. late 1970s compilation (see references in table caption)
# Columns: Z  A  Ua(MeV)  Ub(MeV)
88 228 8.0 8.5
89 226 6.0 7.7
90 227 5.9 6.6
90 228 6.2 6.5
90 229 NaN 6.5
90 230 6.1 6.5
90 231 6.0 6.1
90 232 5.8 6.2
90 233 6.3 6.3
90 234 6.1 6.5
91 231 5.9 5.9
91 232 6.1 6.2
91 233 6.1 6.1
92 232 5.2 5.1
92 234 5.6 5.5
92 235 5.9 5.6
92 236 5.6 5.5
92 237 6.1 5.9
92 238 5.7 5.7
92 239 6.3 6.1
92 240 5.7 5.5
93 234 5.5 5.1
93 235 5.5 5.2
93 236 5.8 5.6
93 237 5.7 5.4
93 238 6.1 6.0
93 239 5.9 5.4
94 232 5.3 NaN
94 234 5.8 NaN
94 238 5.5 5.0
94 239 6.2 5.5
94 240 5.6 5.1
94 241 6.1 5.4
94 242 5.6 5.1
94 243 5.9 5.2
94 244 5.4 5.0
94 245 5.6 5.0
95 239 6.2 NaN
95 240 6.5 5.2
95 241 6.0 5.1
95 242 6.5 5.4
95 243 5.9 5.4
95 244 6.3 5.4
95 245 5.9 5.2
95 247 5.5 NaN
96 241 6.3 4.3
96 242 5.8 4.0
96 243 6.4 NaN
96 244 5.8 4.3
96 245 6.2 NaN
96 246 5.7 4.2
96 247 6.0 NaN
96 248 5.7 NaN
96 249 5.6 NaN
96 250 5.3 NaN
97 249 6.1 NaN
97 250 6.1 4.1
98 250 5.6 NaN
98 253 5.4 NaN
